-0.9368191721132901 -0.9982238010657194
-0.3267973856209152 -0.9982238010657194
0.021786492374727295 -0.9769094138543517
0.10893246187363825 -0.9538188277087034
0.34858387799564206 -0.8063943161634104
0.566448801742919 -0.7513321492007106
0.8061002178649237 -0.7193605683836591
1.176470588235294 -0.6767317939609238
1.7864923747276684 -0.6376554174067497
2.352941176470588 -0.5861456483126111
3.159041394335511 -0.5452930728241564
3.5511982570806104 -0.5559502664298402
4.20479302832244 -0.5612788632326822
4.749455337690632 -0.6287744227353464
5.490196078431373 -0.5648312611012434
6.274509803921568 -0.5985790408525756
7.254901960784315 -0.5754884547069272
8.366013071895425 -0.5506216696269983
9.564270152505447 -0.5079928952042629
10.021786492374728 -0.5186500888099468
