-93.48873621070544 -0.0029455291585939285
-27.703345177410938 -0.03172163319582769
-15.008257490723736 -0.019571325416627997
-6.434408356151664 -0.06357016722312388
-6.31537180156289 -0.11971574213751049
-4.072980489443978 -0.17737697768690172
-1.8016343397224546 -0.24869524497222484
-1.6986838060240075 -0.2972535800333159
-1.5603440263667494 -0.36250384277165715
0.739956960957386 -0.4474791417929121
3.0466923566377773 -0.5354893367554853
7.467130897314007 -0.6204628484410859
9.741694251213573 -0.693298563697068
14.175001608602088 -0.784341867265305
35.18977929979343 -0.6963120116105324
43.847275742995464 -0.7797645006541648
54.43831189722101 -0.7752032200639151
73.6064143901969 -0.8161582292508203
86.27898164763752 -0.7933857856770069
95.09412109556519 -0.9511932252829352
122.35992650475788 -0.8115647766187898
135.4475131011704 -0.9845431212600002
144.0310138482767 -1.0330943069784733
154.61883279832426 -1.0270155784175643
165.04257433528988 -0.9435470033530416
179.73876302074035 -0.875249333323801
202.81576859007822 -0.75990362686151
211.6276908338279 -0.9161936184967792
211.7242069591702 -0.9617170576165521
224.49329034195313 -0.9844680531625118
232.70037820022452 -0.8554778263138704
241.18092841363233 -0.8554706769712525
254.16556447634633 -0.9798906865513715
264.43488021276454 -0.823584608895212
275.44093570596186 -1.0147741165199857
283.94400634861626 -1.0253891029719817
294.4353091733215 -0.9737869352913
305.04564855261555 -0.9783303425250047
326.2019832276423 -0.9570681975792326
343.26281698397844 -1.0040947859844287
357.99117771120945 -0.9509715956617788
372.56511263789315 -0.8250109027474923
383.2269272840363 -0.8538334775117428
396.1182644255861 -0.934247495942748
402.62023406947736 -1.0010098446447848
411.0814810578168 -0.9918980074782124
423.8763020740244 -1.0267885867894446
430.1176781794914 -0.9706376498680945
436.33009944735585 -0.9008296812108126
446.96295925589646 -0.915995224239131
449.2117849763716 -0.9766913557298404
453.63865792540383 -1.0646997633567592
466.24688109928314 -1.011578360369764
470.5772379229731 -1.0540633288769097
483.22406754698915 -1.0191513015378235
493.8151037012147 -1.0145900209475736
502.2313098310612 -0.984233912191774
515.0808233182961 -1.0449211070042108
523.5613735317038 -1.044913957661593
534.0558935605873 -0.9948292379515702
544.6372781022785 -0.9857156134493432
557.4417507310204 -1.0251585366725529
565.9866450279899 -1.0555003467431168
576.4747306485169 -1.0023807310917758
582.876966962888 -1.0221021927033809
589.1215602725331 -0.9674687037526899
595.2953750902609 -0.8794513594474987
606.053705861746 -0.9537973733315219
614.7691119801536 -1.0645639258470183
625.30867286753 -1.035723477726223
633.6380144845684 -0.9643962737626274
644.1968785970132 -0.9446605134657866
654.8136523846633 -0.9522388166408098
665.3339100469714 -0.9142936806960599
674.0654021862692 -1.0326474730648516
686.6382361141896 -0.962834142400606
697.177797001566 -0.9339936942798109
714.319060862354 -1.0189564819514845
733.2137010001932 -0.9309284136323663
743.9559457507883 -0.9976871876630942
754.4955066381649 -0.9688467395422989
765.2216653678697 -1.0280182737197314
773.5445725765517 -0.9536561738148175
794.7234276808249 -0.9430161646636591
803.1042445647124 -0.895968128230609
813.9590914615403 -1.0158375812344056
824.4246566528209 -0.9520958297884509
832.911641274585 -0.9551235763871511
851.8223674333146 -0.8746827479213286
864.813437904385 -1.0021376534427657
875.3176095458025 -0.9566052776447205
885.9343833334528 -0.9641835808197434
894.6916131061753 -1.094676956953808
913.5090403437405 -0.9702301373388715
924.1612033773497 -0.9945003681911446
932.4841105860319 -0.9201382682862308
953.9557312705099 -1.0475860244650501
964.4341652785031 -0.9899140649017322
981.4885646264829 -1.03390575736561
1000.415376806103 -0.961052168753083
1013.0686408384752 -0.9291750373553149
1021.4623265390751 -0.8881967928049015
1036.4480636005521 -0.9564694401349795
1044.8481837095082 -0.918526091525884
1053.1775253265464 -0.8471988875622886
1063.942290506388 -0.9245797973876301
1074.87435030349 -1.0808680016872445
1081.115726408957 -1.0247170647658945
1093.6821259285211 -0.951868838160331
1104.4661943334315 -1.038354435809627
1121.3886883101102 -1.0201307614764819
1134.2703738391258 -1.09599243599551
1146.8206873377994 -1.015556969536651
1152.9591129095681 -0.9108476975542097
1161.68417064051 -1.026166593981683
1170.1647208539175 -1.0261594446390652
1186.9134858049806 -0.9259935798903289
1202.0246938294026 -1.0534466980761117
1208.1052097259662 -0.9214233626218067
1223.0523403373063 -0.9714866343039755
1237.7453118185786 -0.9016715163040756
1254.783625145668 -0.938075968914658
1263.1773108462678 -0.8970977243642445
1276.161946908982 -1.0215177339443635
1284.597456263897 -1.0002663130125182
1294.9600709214792 -0.8879662265054726
1314.1056529852085 -0.9182990998977643
1333.0678544107873 -0.8621374389624873
1356.6821330778637 -1.0002055436002657
1373.47593888742 -0.9212839504407567
1384.214966433837 -0.9865252765008254
1400.8929528929818 -0.8529755563975892
1426.6209347050542 -0.9880069777583949
1445.5606157013867 -0.9212231810285042
1472.9937157278391 -0.860502026838632
1485.9107905028134 -0.9530556290349099
1530.64279739478 -1.0516522130790074
1556.026538359798 -1.0243167015792896
1564.6229079236168 -1.078937679180399
1591.711767103015 -0.8558495921300034
1604.7897020868938 -1.0242755928592364
1623.7390346957598 -0.9620441400413229
1649.325459523997 -1.0303078506931285
1662.1846246237662 -1.0955473894175427
1674.4807789923723 -0.895233533276615
1693.9255610446623 -1.0666890679402028
1706.479091747514 -0.9877710494520024
1721.3908331128957 -1.0211423934569215
1730.0290263310292 -1.0954901946765991
1753.0738598585865 -0.9649700085077175
1761.6155369513779 -0.9937943706076222
1772.2001386972477 -0.9861981940760545
1782.9069942018834 -1.0362650404295322
1810.214623265391 -0.9163634153839552
1823.2346485740643 -1.0574753526413245
1848.2870175087403 -0.8738427001637198
1854.9884538116728 -1.0346868230466206
1865.4572362071315 -0.9724625195713253
1876.0128831153982 -0.9512093113038254
1878.2070163648461 -0.98610882729333
1890.6865513716018 -0.8722895054799709
1916.4241847962082 -1.011873270752754
1924.7760468424933 -0.9511682025837722
1946.0031600094378 -0.9632899129925
1964.881714126387 -0.8676746048200866
1973.4169568108216 -0.8934640709786732
1981.8202941239558 -0.857038170340237
1992.485325974277 -0.8873781930751465
