-29.82991713911906 -0.028688524590163987
-15.014691899079878 -0.016536429475309797
-6.489100827178959 -0.03777355172191922
-6.411887926905138 -0.07419230301773755
-4.18879983985471 -0.12274885074317418
-4.098718122868604 -0.16523739392162895
-1.8917160567085602 -0.2062067017937701
0.35710966376638 -0.2669028332844795
2.573763342460609 -0.31242448506859793
6.90090296197269 -0.35339200560508466
13.354614543192781 -0.39739263474723496
21.938115290299095 -0.4459438204657082
30.52161603740541 -0.4944950061841814
37.001065252050125 -0.5506352190916045
41.32498766738399 -0.5900852916574321
49.885967985243724 -0.6280143415812917
56.313941933039246 -0.659875386958169
62.729047064122426 -0.6856666404524103
73.28469397238933 -0.6644134321849106
83.98511506866947 -0.7114453825970701
98.9097252507633 -0.7508865184846253
113.85363865792539 -0.799432342196135
124.40606836201408 -0.776661685957976
135.17726795021196 -0.8570774917246359
145.6910912041638 -0.8160974598385677
156.31108219599213 -0.8251932109842499
175.35693093020103 -0.8084851972861096
183.93078006477316 -0.8524840390926053
194.6151151401628 -0.8919287496514695
200.95622457515032 -0.8828186998205514
217.94627983956883 -0.8964614328712474
224.38068819572044 -0.9313573741894431
230.7604040808448 -0.9404567000064344
243.54235628034002 -0.9692774874350303
264.71155977207906 -0.9540851343718944
285.9804965933383 -0.9859336683991906
302.81934326138725 -0.928256346828909
315.5562546023894 -0.9358328626682775
332.7361249133143 -1.03900502598786
345.46660184596027 -1.0435466458859106
356.096244450323 -1.0571947409435702
387.70849270409593 -0.9676385006398661
396.07644077127117 -0.9145206723241797
404.4540404509806 -0.8659551879204707
412.9056358267857 -0.8522910068419207
425.80340737669184 -0.9357399212142442
440.65080465851173 -0.938762305805981
453.2590278323908 -0.8856409028189857
463.8404123740822 -0.8765272783167587
474.6083947581022 -0.9554256361127593
485.1415212371224 -0.9235502920506459
495.7518606164164 -0.9280936992843507
504.31605813845425 -0.9675401971788694
512.8191287811087 -0.9781551836308651
523.2589563389647 -0.9022738484196376
531.7877646150439 -0.9250284186369063
546.561166200768 -0.8931494999034837
563.6413031821724 -0.9492807761326346
574.2645113781789 -0.9598939752489757
595.3597191738222 -0.9098003188606807
601.720131833878 -0.9097949568537173
612.365860459131 -0.931030291764672
622.9633310217127 -0.9295039071157405
633.4996747049111 -0.8991460110242862
643.9266334460549 -0.8171948839304225
652.4297040887091 -0.8278098703824182
662.97891658862 -0.8035217661736003
684.3282835143311 -0.8733064994673738
694.8260207473925 -0.8247392277280103
701.2443430826538 -0.8520479291929106
709.6348115790754 -0.8095522366718378
720.2161961207669 -0.8004386121696109
730.8426215209513 -0.8125692592566113
751.9957389918 -0.7897896663401799
762.6865084755459 -0.8322692728403622
783.8138883129698 -0.797350096158658
794.4660513465788 -0.8216203270109312
804.9702229879967 -0.7760879512128858
823.9903340887809 -0.7472403537494726
849.5252836501686 -0.7912248968707326
872.8017558785473 -0.7699609645893059
883.3091447241429 -0.7259460367619196
904.571647137046 -0.7547596748478976
925.8598871833738 -0.7957128966991485
932.110914901375 -0.7441143036897755
946.919705733058 -0.7289273126336032
946.9743982040852 -0.7547239281348079
963.9387158350794 -0.756227077420231
991.3846846782442 -0.7015757151129952
999.8555832791178 -0.6970162218584
1025.3937500446837 -0.7425182129503192
1033.7810013369274 -0.6985050724585873
1037.9633667684259 -0.6711874343154145
1042.1586010166368 -0.6499395880548783
1050.6230652091542 -0.6423451988589648
1063.3792797752249 -0.6590264025222878
1073.9284922751356 -0.63473829831347
1082.4766037762831 -0.6665975563546931
1093.1223324015361 -0.687832891265648
1112.164963931567 -0.6696074295968485
1122.7141764314774 -0.6453193253880305
1133.350253444196 -0.662002316387008
1143.9059003524628 -0.6407491081195084
1154.4969365066884 -0.6361878275292586
1165.0493662107772 -0.6134171712910996
1171.3325659705595 -0.5769930579883179
1182.0201182501269 -0.617955216517841
1196.8063886525638 -0.592146089667055
1211.6570031385618 -0.5966859222294508
1222.315600580527 -0.6239910490230423
1243.4622836430194 -0.5981765601652927
1264.7151344433885 -0.6224378543392933
1273.1249061648782 -0.5890468496421752
1296.481808497709 -0.6057191166272259
1311.2133864291184 -0.5541133742752352
1343.070142200425 -0.5798831797416226
1355.723406232797 -0.5480060483438546
1370.6641024357816 -0.5950344240847053
1387.5640759832138 -0.5661886139569464
1402.3471291814722 -0.5388620391355013
1417.2460017301414 -0.5661635912577836
1434.2264053820254 -0.5752539803965023
1442.6586975327623 -0.552485111493998
1449.0351962137083 -0.5600669893403301
1482.8834013712442 -0.5251370886446989
1491.4154268515015 -0.5494091068326266
1512.5974991599528 -0.5402865456521272
1523.1660148849319 -0.5251031292672637
1540.1303325159256 -0.526606278552687
1550.6602417907677 -0.49321348651991437
1563.4228907651946 -0.5129295861245556
1571.9098753869584 -0.515957332723256
1582.4526534785132 -0.4886343325731197
1590.9557241211673 -0.4992493190251155
1601.5338914586807 -0.4886182465522294
1616.3684199237885 -0.4855708392613297
1624.8618389539085 -0.49163348180134814
1639.6127201103866 -0.44913242727331204
1652.3914551057035 -0.4764357667312489
1671.466258677515 -0.47338478476904033
1688.4981375962486 -0.5067543414383046
1711.7424377828463 -0.4703159294502869
1720.2455084255005 -0.48093091590228265
1745.651769819766 -0.46421754019717876
1754.212750137625 -0.5021465901210382
1760.4862982848733 -0.4611701329062791
1771.0869860516334 -0.46116119622800666
1781.665153389146 -0.4505301237551205
1824.1258141313913 -0.4778084405138946
1830.4218827078855 -0.4474541190937492
1843.174880069778 -0.4626178747864132
1855.8474473272188 -0.43984543121259984
1870.7366682633535 -0.46259463942290485
1906.7500518327345 -0.44890722298084673
1932.1949196771359 -0.4504032229236519
1940.6947731156122 -0.4595007614049887
1951.2407684113452 -0.4336952092255115
1972.451795557399 -0.43822967978094396
1980.9291285666288 -0.43670508246766687
1991.5459023542792 -0.44428338564269
