0 -0.007326007326007272
0.956937799043061 -0.05677655677655674
1.4354066985646057 -0.16300366300366298
0.956937799043061 -0.27106227106227104
1.913875598086122 -0.31684981684981683
1.4354066985646057 -0.3424908424908425
1.4354066985646057 -0.36813186813186805
1.4354066985646057 -0.40293040293040283
3.827751196172244 -0.43772893772893773
8.612440191387563 -0.46886446886446886
14.354066985645943 -0.5054945054945055
21.05263157894737 -0.5439560439560439
25.358851674641144 -0.576923076923077
32.535885167464116 -0.6190476190476191
43.0622009569378 -0.6666666666666666
50.71770334928229 -0.7197802197802198
58.373205741626776 -0.7564102564102564
66.50717703349281 -0.7875457875457876
74.64114832535881 -0.8278388278388278
81.81818181818181 -0.8608058608058609
89.4736842105263 -0.8827838827838828
96.6507177033493 -0.8937728937728937
105.26315789473682 -0.9304029304029304
115.78947368421052 -0.945054945054945
126.31578947368419 -0.956043956043956
137.3205741626794 -0.9670329670329672
149.28229665071768 -0.9706959706959706
166.0287081339713 -0.9816849816849818
176.0765550239234 -0.9926739926739927
188.5167464114832 -0.9981684981684982
198.56459330143537 -0.9981684981684982
208.61244019138752 -0.9853479853479854
219.13875598086122 -0.9670329670329672
232.53588516746407 -0.9597069597069599
245.45454545454538 -0.9542124542124544
256.4593301435407 -0.9358974358974359
266.9856459330143 -0.9212454212454213
279.42583732057415 -0.913919413919414
286.12440191387554 -0.8937728937728937
293.77990430622003 -0.86996336996337
304.7846889952153 -0.8681318681318682
315.7894736842105 -0.8461538461538463
322.96650717703346 -0.826007326007326
330.62200956937795 -0.8168498168498168
