##Simulation parameters
initial temperature: 5.0[K]
##Sample parameters
Materials: ['hBN', 'CGT', 'SiO2']
Material positions in order: [array([0, 1, 2, 3, 4, 5, 6, 7, 8, 9]), array([10, 11, 12, 13, 14, 15, 16, 17, 18, 19]), array([ 20,  21,  22,  23,  24,  25,  26,  27,  28,  29,  30,  31,  32,
        33,  34,  35,  36,  37,  38,  39,  40,  41,  42,  43,  44,  45,
        46,  47,  48,  49,  50,  51,  52,  53,  54,  55,  56,  57,  58,
        59,  60,  61,  62,  63,  64,  65,  66,  67,  68,  69,  70,  71,
        72,  73,  74,  75,  76,  77,  78,  79,  80,  81,  82,  83,  84,
        85,  86,  87,  88,  89,  90,  91,  92,  93,  94,  95,  96,  97,
        98,  99, 100, 101, 102, 103, 104, 105, 106, 107, 108, 109, 110,
       111, 112, 113, 114, 115, 116, 117, 118, 119, 120, 121, 122, 123,
       124, 125, 126, 127, 128, 129, 130, 131, 132, 133, 134, 135, 136,
       137, 138, 139, 140, 141, 142, 143, 144, 145, 146, 147, 148, 149,
       150, 151, 152, 153, 154, 155, 156, 157, 158, 159, 160, 161, 162,
       163, 164, 165, 166, 167, 168, 169, 170, 171, 172, 173, 174, 175,
       176, 177, 178, 179, 180, 181, 182, 183, 184, 185, 186, 187, 188,
       189, 190, 191, 192, 193, 194, 195, 196, 197, 198, 199, 200, 201,
       202, 203, 204, 205, 206, 207, 208, 209, 210, 211, 212, 213, 214,
       215, 216, 217, 218, 219, 220, 221, 222, 223, 224, 225, 226, 227,
       228, 229, 230, 231, 232, 233, 234, 235, 236, 237, 238, 239, 240,
       241, 242, 243, 244, 245, 246, 247, 248, 249, 250, 251, 252, 253,
       254, 255, 256, 257, 258, 259, 260, 261, 262, 263, 264, 265, 266,
       267, 268, 269, 270, 271, 272, 273, 274, 275, 276, 277, 278, 279,
       280, 281, 282, 283, 284, 285, 286, 287, 288, 289, 290, 291, 292,
       293, 294, 295, 296, 297, 298, 299, 300, 301, 302, 303, 304, 305,
       306, 307, 308, 309, 310, 311, 312, 313, 314, 315, 316, 317, 318,
       319])]
Layer depth = [7.7e-10, 2.05e-09, 5.4e-10][m]
Effective spin = [0.0, 1.5, 0.0]
mu_at = [0.0, 4.0, 0.0][mu_Bohr]
asf =[0.0, 0.3, 0.0]
gep =[0.0, 1.5e+17, 0.0][W/m^3/K]
gamma_el =[0.0, 650.0, 0.0][J/m^3/K^2]
cv_ph_max =[4000000.0, 8900000.0, 4000000.0][J/m^3/K]
assumed constant cp:True
kappa_el =[0.0, 0.01, 0.0][W/mK]
kappa_ph =[36.0, 5.0, 14.0][W/mK]
Tc =[0.0, 65.0, 0.0][K]
T_Deb =[400, 175, 403][K]
### Pulse parameters
Estimated fluence:1.3[mJ/cm^2]
Sigma =2e-14[s]
Delay =1e-12[s]
Penetration depth = [1, 1e-08, 1][m]