# Ab initio lattice heat capacity of optical phonons from Sukanyas bulk DFT
#
# Temperature [K]	C_p [J/m^3K]
2	0.0
3	5.240963218966499e-11
4	1.0853991625481285e-06
5	0.00044666880808108544
6	0.02520108669864385
7	0.4458937439294459
8	3.768918980361377
9	19.368012785020255
10	70.20492721193659
11	197.6281666112518
12	460.9366974803179
13	931.6927240713958
14	1685.3243886036762
15	2792.950900950298
16	4315.335800212106
17	6299.589453898443
18	8778.338044036216
19	11770.665771060849
20	15284.084886423094
21	19316.920246538473
22	23860.683607781524
23	28902.18809046854
24	34425.28776600638
25	40412.21772722046
26	46844.563405564055
27	53703.91429512914
28	60972.265877712576
29	68632.23163844837
30	76667.11970241053
31	85060.91910368862
32	93798.23098374886
33	102864.1711560532
34	112244.2629343262
35	121924.3330172163
36	131890.4184746468
37	142128.6893217293
38	152625.38859422854
39	163366.7900577447
40	174339.1725131521
41	185528.80895212037
42	196921.9684449634
43	208504.92851049
44	220263.9957478111
45	232185.53264570836
46	244255.9886836707
47	256461.9340693319
48	268790.09469798504
49	281227.3871567742
50	293760.9528194765
51	306378.19028169103
52	319066.7855681126
53	331814.7397024485
54	344610.39336619497
55	357442.4484871393
56	370299.9866925969
57	383172.48463892005
58	396049.82628938666
59	408922.31225929153
60	421780.6663815797
61	434616.03967143234
62	447420.0118842332
63	460184.5908706401
64	472902.2099363598
65	485565.72341318557
66	498168.40064352314
67	510703.91857374547
68	523166.3531424251
69	535550.1696391151
70	547850.2121981034
71	560061.6925794542
72	572180.1783776104
73	584201.5807858221
74	596122.1420326016
75	607938.4225953354
76	619647.2882845846
77	631245.8972830639
78	642731.6872124636
79	654102.3622932996
80	665355.8806534172
81	676490.4418338545
82	687504.4745329153
83	698396.6246233989
84	709165.7434714524
85	719810.8765806261
86	730331.2525795223
87	740726.2725673979
88	750995.4998281794
89	761138.6499198864
90	771155.5811435481
91	781046.2853931203
92	790810.8793854708
93	800449.5962677872
94	809962.7775978465
95	819350.8656912483
96	828614.3963285614
97	837753.9918141689
98	846770.3543780859
99	855664.2599108197
100	864436.5520215806
101	873088.1364090485
102	881619.9755341307
103	890033.0835835789
104	898328.5217137157
105	906507.3935630104
106	914570.8410226455
107	922520.0402538958
108	930356.1979423908
109	938080.5477773544
110	945694.347147064
111	953198.874039065
112	960595.4241362895
113	967885.3080990368
114	975069.8490237242
115	982150.3800697022
116	989128.2422449096
117	996004.7823429406
118	1002781.3510227139
119	1009459.3010236842
120	1016039.9855089601
121	1022524.756529205
122	1028914.9636010157
123	1035211.9523928781
124	1041417.063512576
125	1047531.6313909113
126	1053556.983255155
127	1059494.438187412
128	1065345.3062631143
129	1071110.8877643556
130	1076792.4724637158
131	1082391.338974237
132	1087908.754161663
133	1093345.9726145586
134	1098704.2361692183
135	1103984.773485289
136	1109188.799669432
137	1114317.5159434455
138	1119372.109353886
139	1124353.7525208783
140	1129263.6034230627
141	1134102.8052162146
142	1138872.486083386
143	1143573.759114492
144	1148207.7222126105
145	1152775.4580259414
146	1157278.033903195
147	1161716.501869783
148	1166091.8986254616
149	1170405.2455589788
150	1174657.5487810287
151	1178849.7991720461
152	1182982.9724447108
153	1187058.02922012
154	1191075.9151152887
155	1195037.560842547
156	1198943.8823184455
157	1202795.7807824276
158	1206594.142923029
159	1210339.8410125745
160	1214033.7330481766
161	1217676.6628983477
162	1221269.46045618
163	1224812.9417963403
164	1228307.9093367392
165	1231755.152003935
166	1235155.4454015465
167	1238509.5519818165
168	1241818.221218986
169	1245082.18978506
170	1248302.181726995
171	1251478.9086448043
172	1254613.069871424
173	1257705.3526518736
174	1260756.4323241147
175	1263766.972499096
176	1266737.6252409322
177	1269669.0312470966
178	1272561.820027149
179	1275416.6100816708
180	1278234.0090799867
181	1281014.6140364578
182	1283759.0114863147
183	1286467.7776595266
184	1289141.4786531962
185	1291780.6706039119
186	1294385.899855399
187	1296957.703128504
188	1299496.6076854994
189	1302003.1314952665
190	1304477.7833954145
191	1306921.0632526018
192	1309333.4621208468
193	1311715.4623976536
194	1314067.5379791735
195	1316390.1544109134
196	1318683.7690390267
197	1320948.8311573723
198	1323185.7821537554
199	1325395.0556529334
200	1327577.0776585382
201	1329732.2666918095
202	1331861.0339287878
203	1333963.783335241
204	1336040.9117988958
205	1338092.8092603865
206	1340119.8588413468
207	1342122.4369703769
208	1344100.9135077423
209	1346055.651866415
210	1347987.0091323694
211	1349895.336182491
212	1351780.9777998063
213	1353644.2727874795
214	1355485.5540800744
215	1357305.1488533672
216	1359103.3786319774
217	1360880.5593950173
218	1362637.0016797064
219	1364373.0106833938
220	1366088.8863633184
221	1367784.9235348485
222	1369461.41196783
223	1371118.6364809
224	1372756.877034178
225	1374376.4088202964
226	1375977.5023538494
227	1377560.4235584827
228	1379125.4338530893
229	1380672.7902357988
230	1382202.7453672267
231	1383715.5476505277
232	1385211.4413117082
233	1386690.666477139
234	1388153.4592502613
235	1389600.0517861298
236	1391030.6723655323
237	1392445.5454666838
238	1393844.8918356893
239	1395228.9285564222
240	1396597.8691181054
241	1397951.923482031
242	1399291.2981466083
243	1400616.1962120575
244	1401926.817442635
245	1403223.3583282144
246	1404506.0121452343
247	1405774.9690147778
248	1407030.415961842
249	1408272.5369713022
250	1409501.5130441776
251	1410717.5222516772
252	1411920.739789801
253	1413111.3380305604
254	1414289.4865749814
255	1415455.3523019713
256	1416609.0994193957
257	1417750.889511224
258	1418880.8815863272
259	1419999.2321238755
260	1421106.095120314
261	1422201.6221333172
262	1423285.9623257793
263	1424359.262509643
264	1425421.6671871871
265	1426473.3185930839
266	1427514.3567350572
267	1428544.9194324403
268	1429565.142357833
269	1430575.159072321
270	1431575.1010650254
271	1432565.0977894617
272	1433545.2766990894
273	1434515.7632835093
274	1435476.6811021746
275	1436428.1518193954
276	1437370.2952371002
277	1438303.2293275965
278	1439227.0702657767
279	1440141.9324606694
280	1441047.9285860925
281	1441945.1696108049
282	1442833.7648284792
283	1443713.821886795
284	1444585.4468155017
285	1445448.74405508
286	1446303.8164838632
287	1447150.7654446904
288	1447989.6907717586
289	1448820.690816587
290	1449643.8624727405
291	1450459.3012017948
292	1451267.1010569853
293	1452067.3547072888
294	1452860.1534615539
295	1453645.587290487
296	1454423.744850881
297	1455194.7135061636
298	1455958.5793494822
299	1456715.4272242496
300	1457465.3407460188
301	1458208.4023216558
302	1458944.69317152
303	1459674.2933476423
304	1460397.2817535186
305	1461113.7361641992
306	1461823.7332438123
307	1462527.3485648187
308	1463224.6566249826
309	1463915.7308669286
310	1464600.6436932357
311	1465279.4664857402
312	1465952.269620555
313	1466619.1224856654
314	1467280.0934961499
315	1467935.2501109154
316	1468584.658847717
317	1469228.3852985417
318	1469866.4941444295
319	1470499.049170877
320	1471126.1132813296
321	1471747.7485118397
322	1472364.016045495
323	1472974.9762250546
324	1473580.688567435
325	1474181.2117757876
326	1474776.603753735
327	1475366.9216169543
328	1475952.2217065156
329	1476532.5596002361
330	1477107.9901258799
331	1477678.5673721994
332	1478244.3447005397
333	1478805.3747564442
334	1479361.7094815369
335	1479913.4001229396
336	1480460.4972456594
337	1481003.050742673
338	1481541.1098449226
339	1482074.723131914
340	1482603.9385424964
341	1483128.8033833029
342	1483649.3643399156
343	1484165.66748517
344	1484677.7582897474
345	1485185.6816307022
346	1485689.4818002526
347	1486189.202515556
348	1486684.8869267795
349	1487176.5776261494
350	1487664.3166555937
351	1488148.1455166042
352	1488628.1051765718
353	1489104.2360783075
354	1489576.5781469245
355	1490045.1707981217
356	1490510.0529458267
357	1490971.2630094702
358	1491428.8389213094
359	1491882.818133822
360	1492333.2376269957
361	1492780.13391508
362	1493223.5430534056
363	1493663.5006450256
364	1494100.0418481915
365	1494533.2013821416
366	1494963.013533265
367	1495389.5121624644
368	1495812.7307103304
369	1496232.7022040565
370	1496649.4592627662
371	1497063.0341039964
372	1497473.458549465
373	1497880.7640300666
374	1498284.9815925346
375	1498686.1419043122
376	1499084.2752591576
377	1499479.4115825421
378	1499871.5804367894
379	1500260.811026466
380	1500647.132203601
381	1501030.5724717563
382	1501411.1599926108
383	1501788.9225890362
384	1502163.8877511863
385	1502536.0826404963
386	1502905.5340948151
387	1503272.2686320343
388	1503636.3124561347
389	1503997.6914596972
390	1504356.4312298228
391	1504712.5570514668
392	1505066.093911753
393	1505417.0665049183
394	1505765.4992348915
395	1506111.4162207209
396	1506454.8412999206
397	1506795.7980317508
398	1507134.3097023047
399	1507470.3993271438
400	1507804.089655613
401	1508135.403174418
402	1508464.3621106201
403	1508790.9884360067
404	1509115.303870155
405	1509437.3298837517
406	1509757.0877018142
407	1510074.5983079304
408	1510389.8824459268
409	1510702.960625
410	1511013.8531207484
411	1511322.579980532
412	1511629.1610243733
413	1511933.6158499313
414	1512235.9638337607
415	1512536.224135334
416	1512834.4156998268
417	1513130.5572601142
418	1513424.667340987
419	1513716.7642604425
420	1514006.8661332475
421	1514294.9908735987
422	1514581.1561974022
423	1514865.379624793
424	1515147.678483455
425	1515428.069909838
426	1515706.570853196
427	1515983.1980767418
428	1516257.9681604477
429	1516530.8975038864
430	1516802.0023276657
431	1517071.2986768577
432	1517338.8024216404
433	1517604.5292616491
434	1517868.4947260492
435	1518130.7141775705
436	1518391.2028128486
437	1518649.975666218
438	1518907.0476103849
439	1519162.433359362
440	1519416.1474701322
441	1519668.2043450377
442	1519918.6182328823
443	1520167.4032309856
444	1520414.573288992
445	1520660.1422074575
446	1520904.1236426355
447	1521146.5311060678
448	1521387.3779682205
449	1521626.6774596553
450	1521864.4426714038
451	1522100.6865587514
452	1522335.4219412387
453	1522568.6615063015
454	1522800.4178081965
455	1523030.7032722314
456	1523259.530194876
457	1523486.910745122
458	1523712.8569676783
459	1523937.3807828082
460	1524160.4939884823
461	1524382.2082618675
462	1524602.5351609942
463	1524821.4861253137
464	1525039.0724791582
465	1525255.3054300565
466	1525470.1960734506
467	1525683.7553907228
468	1525895.994253805
469	1526106.9234250889
470	1526316.5535564409
471	1526524.895195479
472	1526731.958781805
473	1526937.7546522976
474	1527142.2930386188
475	1527345.5840727736
476	1527547.6377836308
477	1527748.4641016577
478	1527948.0728587243
479	1528146.4737887117
480	1528343.6765303994
481	1528539.6906268932
482	1528734.5255264142
483	1528928.1905867443
484	1529120.695071589
485	1529312.0481550412
486	1529502.2589212225
487	1529691.336365899
488	1529879.289396928
489	1530066.1268364836
490	1530251.8574193693
491	1530436.4897975568
492	1530620.032538949
493	1530802.4941282396
494	1530983.8829688146
495	1531164.2073836145
496	1531343.47561472
497	1531521.6958266008
498	1531698.8761041756
499	1531875.0244568146
500	1532050.1488164905
501	1532224.2570400028
502	1532397.3569096425
503	1532569.4561338
504	1532740.562348959
505	1532910.6831172174
506	1533079.8259319947
507	1533247.9982149098
508	1533415.2073177702
509	1533581.4605241534
510	1533746.7650487057
511	1533911.128039474
512	1534074.5565767577
513	1534237.057676482
514	1534398.6382883494
515	1534559.3052974714
516	1534719.065526254
517	1534877.9257327085
518	1535035.8926132354
519	1535192.9728028725
520	1535349.172874919
521	1535504.4993428553
522	1535658.9586603253
523	1535812.5572219782
524	1535965.3013637213
525	1536117.1973646008
526	1536268.2514454958
527	1536418.4697718602
528	1536567.8584517492
529	1536716.4235396958
530	1536864.1710342711
531	1537011.106880306
532	1537157.236969845
533	1537302.5671399187
534	1537447.1031776236
535	1537590.8508167479
536	1537733.8157399949
537	1537876.0035797562
538	1538017.4199179318
539	1538158.0702864844
540	1538297.9601690206
541	1538437.0949996584
542	1538575.4801646252
543	1538713.1210037826
544	1538850.0228073061
545	1538986.1908211578
546	1539121.6302443766
547	1539256.3462297623
548	1539390.3438860415
549	1539523.6282763476
550	1539656.2044195808
551	1539788.0772918449
552	1539919.2518251725
553	1540049.732908531
554	1540179.525388879
555	1540308.6340714544
556	1540437.0637193082
557	1540564.8190547747
558	1540691.90475888
559	1540818.3254736373
560	1540944.085799824
561	1541069.1902995813
562	1541193.643495751
563	1541317.449872252
564	1541440.6138750315
565	1541563.1399126204
566	1541685.0323549495
567	1541806.2955354657
568	1541926.9337509377
569	1542046.9512618268
570	1542166.3522919705
571	1542285.1410304788
572	1542403.3216302474
573	1542520.8982103807
574	1542637.874853606
575	1542754.255610329
576	1542870.0444962122
577	1542985.2454932316
578	1543099.8625502721
579	1543213.8995831772
580	1543327.36047572
581	1543440.2490787962
582	1543552.5692120914
583	1543664.3246630393
584	1543775.51918774
585	1543886.1565123028
586	1543996.2403304786
587	1544105.7743071592
588	1544214.7620764556
589	1544323.2072428665
590	1544431.1133807374
591	1544538.4840363439
592	1544645.3227264197
593	1544751.6329388735
594	1544857.418133418
595	1544962.6817420362
596	1545067.4271679572
597	1545171.6577877388
598	1545275.3769504416
599	1545378.5879777553
600	1545481.2941646967
601	1545583.4987807597
602	1545685.2050673298
603	1545786.4162409878
604	1545887.1354928429
605	1545987.3659875481
606	1546087.11086495
607	1546186.3732401063
608	1546285.1562027668
609	1546383.4628183567
610	1546481.2961287356
611	1546578.659149376
612	1546675.5548748362
613	1546771.98627408
614	1546867.9562934157
615	1546963.467855691
616	1547058.5238604539
617	1547153.127185082
618	1547247.2806843175
619	1547340.987190158
620	1547434.2495132214
621	1547527.0704410751
622	1547619.4527403032
623	1547711.3991560177
624	1547802.9124116981
625	1547893.9952101994
626	1547984.650232222
627	1548074.8801395441
628	1548164.6875717563
629	1548254.0751490956
630	1548343.0454709018
631	1548431.6011174668
632	1548519.7446485264
633	1548607.4786040862
634	1548694.805505498
635	1548781.7278540952
636	1548868.2481323062
637	1548954.3688041572
638	1549040.092314104
639	1549125.4210887747
640	1549210.3575356218
641	1549294.904044915
642	1549379.062986942
643	1549462.8367171574
644	1549546.227570478
645	1549629.2378649062
646	1549711.869901853
647	1549794.1259650069
648	1549876.0083202114
649	1549957.5192180085
650	1550038.6608899268
651	1550119.435552752
652	1550199.845405907
653	1550279.8926322225
654	1550359.579398817
655	1550438.907856684
656	1550517.8801401167
657	1550596.4983692223
658	1550674.7646459728
659	1550752.6810597663
660	1550830.2496820113
661	1550907.4725705367
662	1550984.3517672995
663	1551060.889299313
664	1551137.0871795479
665	1551212.9474047408
666	1551288.4719583206
667	1551363.662808522
668	1551438.5219098066
669	1551513.0512020867
670	1551587.2526111968
671	1551661.1280486733
672	1551734.6794134094
673	1551807.9085887275
674	1551880.817445826
675	1551953.407842235
676	1552025.6816205967
677	1552097.6406131503
678	1552169.2866357588
679	1552240.6214934527
680	1552311.6469777888
681	1552382.364867108
682	1552452.776927838
683	1552522.8849121856
684	1552592.690562401
685	1552662.1956057036
686	1552731.4017587309
687	1552800.310725814
688	1552868.9241982996
689	1552937.243856342
690	1553005.271368004
691	1553073.0083896203
692	1553140.4565658108
693	1553207.6175294484
694	1553274.4929024996
695	1553341.0842948235
696	1553407.3933053205
697	1553473.4215220031
698	1553539.1705213322
699	1553604.6418684155
700	1553669.8371192478
701	1553734.7578166407
702	1553799.4054939186
703	1553863.7816739825
704	1553927.887867986
705	1553991.7255787603
706	1554055.2962962931
707	1554118.601501658
708	1554181.6426655797
709	1554244.4212487724
710	1554306.9387012436
711	1554369.196463781
712	1554431.1959667152
713	1554492.9386310852
714	1554554.4258679214
715	1554615.659078389
716	1554676.6396551877
717	1554737.3689797698
718	1554797.8484254805
719	1554858.079356321
720	1554918.0631259235
721	1554977.801080782
722	1555037.2945554988
723	1555096.5448786132
724	1555155.5533670778
725	1555214.3213310821
726	1555272.8500708973
727	1555331.140877306
728	1555389.195034741
729	1555447.0138163893
730	1555504.5984896251
731	1555561.950309825
732	1555619.070527717
733	1555675.9603833966
734	1555732.6211096006
735	1555789.0539295278
736	1555845.2600608496
737	1555901.240710691
738	1555956.9970788425
739	1556012.530358044
740	1556067.8417315106
741	1556122.9323770418
742	1556177.8034623025
743	1556232.456148392
744	1556286.8915880339
745	1556341.1109286416
746	1556395.1153069402
747	1556448.905853715
748	1556502.4836929557
749	1556555.8499403098
750	1556609.005704842
751	1556661.9520875653
752	1556714.6901829257
753	1556767.2210784827
754	1556819.5458541
755	1556871.6655831314
756	1556923.5813317727
757	1556975.294159064
758	1557026.8051173368
759	1557078.1152529495
760	1557129.2256044752
761	1557180.1372036724
762	1557230.8510767026
763	1557281.3682432699
764	1557331.6897144518
765	1557381.8164970374
766	1557431.7495904632
767	1557481.48998812
768	1557531.0386763855
769	1557580.3966364183
770	1557629.5648423997
771	1557678.544261945
772	1557727.3358578633
773	1557775.940585251
774	1557824.3593950968
775	1557872.5932295108
776	1557920.6430280376
777	1557968.5097213262
778	1558016.1942370827
779	1558063.6974935797
780	1558111.020406578
781	1558158.1638848966
782	1558205.1288307724
783	1558251.9161420297
784	1558298.5267103757
785	1558344.9614221375
786	1558391.2211582065
787	1558437.3067927135
788	1558483.2191968989
789	1558528.9592340416
790	1558574.527763186
791	1558619.9256381039
792	1558665.1537076521
793	1558710.2128143378
794	1558755.103795771
795	1558799.8274857246
796	1558844.3847106337
797	1558888.7762934007
798	1558933.0030522645
799	1558977.0657985585
800	1559020.9653404052
801	1559064.7024792896
802	1559108.278014259
803	1559151.6927365751
804	1559194.9474355625
805	1559238.0428926
806	1559280.9798874334
807	1559323.7591927613
808	1559366.3815779083
809	1559408.8478069443
810	1559451.1586389889
811	1559493.3148298243
812	1559535.3171288662
813	1559577.1662828038
814	1559618.8630330707
815	1559660.4081153432
816	1559701.8022632338
817	1559743.0462049209
818	1559784.140663059
819	1559825.086358095
820	1559865.8840037868
821	1559906.5343127605
822	1559947.0379893933
823	1559987.3957375945
824	1560027.6082548173
825	1560067.6762347117
826	1560107.6003678783
827	1560147.3813396804
828	1560187.0198316071
829	1560226.516520986
830	1560265.8720829207
831	1560305.08718473
832	1560344.1624939484
833	1560383.0986716882
834	1560421.8963750806
835	1560460.5562600004
836	1560499.0789744314
837	1560537.465165352
838	1560575.7154760817
839	1560613.8305450974
840	1560651.8110062475
841	1560689.657491839
842	1560727.3706301963
843	1560764.9510435448
844	1560802.3993532856
845	1560839.7161760842
846	1560876.9021246245
847	1560913.9578091507
848	1560950.8838345613
849	1560987.6808047153
850	1561024.3493177318
851	1561060.889969685
852	1561097.3033524514
853	1561133.5900543933
854	1561169.7506616823
855	1561205.7857556138
856	1561241.695915258
857	1561277.4817153076
858	1561313.143728986
859	1561348.6825227353
860	1561384.0986642905
861	1561419.3927151787
862	1561454.56523413
863	1561489.6167770042
864	1561524.5478966124
865	1561559.35914268
866	1561594.0510612733
867	1561628.624195661
868	1561663.0790864923
869	1561697.4162710812
870	1561731.636282364
871	1561765.7396526316
872	1561799.7269098705
873	1561833.598578444
874	1561867.3551817462
875	1561900.9972378258
876	1561934.5252636569
877	1561967.9397722664
878	1562001.241274564
879	1562034.4302784116
880	1562067.5072881903
881	1562100.472806237
882	1562133.3273309062
883	1562166.0713601585
884	1562198.7053862493
885	1562231.2299010055
886	1562263.645392844
887	1562295.9523457703
888	1562328.1512443635
889	1562360.2425671406
890	1562392.2267932282
891	1562424.1043958333
892	1562455.8758480926
893	1562487.5416200552
894	1562519.1021768576
895	1562550.5579851787
896	1562581.9095054902
897	1562613.157197439
898	1562644.3015185567
899	1562675.342921387
900	1562706.2818596943
901	1562737.1187826497
902	1562767.854135696
903	1562798.4883645603
904	1562829.0219110972
905	1562859.455214721
906	1562889.788712407
907	1562920.0228400182
908	1562950.158028969
909	1562980.1947098859
910	1563010.1333114204
911	1563039.9742573113
912	1563069.7179726225
913	1563099.3648770035
914	1563128.915389851
915	1563158.3699272615
916	1563187.7289034307
917	1563216.992730366
918	1563246.1618179937
919	1563275.23657355
920	1563304.217402441
921	1563333.1047083517
922	1563361.8988911277
923	1563390.600351082
924	1563419.2094841143
925	1563447.7266852995
926	1563476.152346233
927	1563504.4868589041
928	1563532.7306104964
929	1563560.8839879765
930	1563588.9473750833
931	1563616.9211543729
932	1563644.8057063182
933	1563672.601407879
934	1563700.3086382742
935	1563727.9277675387
936	1563755.459170694
937	1563782.9032177033
938	1563810.260276773
939	1563837.5307135256
940	1563864.7148934398
941	1563891.8131786594
942	1563918.8259294615
943	1563945.7535056218
944	1563972.5962634718
945	1563999.354558123
946	1564026.028742786
947	1564052.6191681607
948	1564079.1261852689
949	1564105.5501406845
950	1564131.8913799413
951	1564158.1502491108
952	1564184.3270882738
953	1564210.422239198
954	1564236.4360405994
955	1564262.3688288294
956	1564288.22094056
957	1564313.992706976
958	1564339.684463208
959	1564365.2965370666
960	1564390.8292572265
961	1564416.282951391
962	1564441.657943463
963	1564466.9545575227
964	1564492.1731161093
965	1564517.3139379588
966	1564542.377342238
967	1564567.363645243
968	1564592.2731640246
969	1564617.1062091393
970	1564641.8630953413
971	1564666.5441322906
972	1564691.149628177
973	1564715.6798913681
974	1564740.1352258571
975	1564764.515938577
976	1564788.822329251
977	1564813.0547016563
978	1564837.2133533997
979	1564861.298583629
980	1564885.3106883382
981	1564909.249963913
982	1564933.116702185
983	1564956.9111962402
984	1564980.6337365473
985	1565004.2846130352
986	1565027.864112584
987	1565051.3725218596
988	1565074.8101261281
989	1565098.1772073908
990	1565121.4740501246
991	1565144.7009324925
992	1565167.8581362816
993	1565190.9459373942
994	1565213.9646123075
995	1565236.9144376428
996	1565259.7956867558
997	1565282.6086300602
998	1565305.3535415593
999	1565328.0306891915
