-0.20079 0.017715 0.0019294
-0.10079 0.016775 0.00193
-0.00078962 0.017325 0.0019409
0.09921 0.0157 0.0019003
0.19921 0.015202 0.0019631
0.29921 0.014166 0.0019668
0.39921 0.014387 0.0018889
0.49921 0.013722 0.0019432
0.59921 0.011976 0.001919
0.69921 0.014858 0.0019498
0.79921 0.012892 0.0018833
0.89921 0.013399 0.0019307
0.99921 0.013007 0.0019133
1.0992 0.012884 0.0019355
1.1992 0.012432 0.0018919
1.2992 0.012378 0.0019231
1.7992 0.013709 0.0021351
2.2992 0.013282 0.0021307
2.7992 0.011575 0.002117
3.2992 0.012376 0.0020631
3.7992 0.010953 0.0020398
4.2992 0.011489 0.0021075
4.7992 0.010986 0.0023343
5.2992 0.011865 0.002184
5.7992 0.01183 0.0021411
6.2992 0.011376 0.0021122
6.7992 0.012146 0.0020765
7.2992 0.01134 0.0021829
7.7992 0.010905 0.0020519
8.2992 0.010941 0.0022306
8.7992 0.011928 0.0022841
9.2992 0.0084225 0.0022818
9.7992 0.0094716 0.0022071
10.299 0.01202 0.002246
