-149.7 0.033115
-139.7 0.032647
-129.7 0.032063
-119.7 0.032402
-109.7 0.033179
-99.699 0.033343
-89.699 0.032677
-79.699 0.031333
-69.7 0.031931
-59.699 0.030114
-49.699 0.030838
-39.7 0.028737
-29.7 0.023913
-19.7 0.025202
-9.6998 0.022703
0.30021 0.016847
10.3 0.01548
20.3 0.012159
30.301 0.010281
40.3 0.0093692
50.301 0.0086897
60.301 0.0071144
70.301 0.008512
80.301 0.0079365
90.301 0.0083218
100.3 0.0069846
110.3 0.0061479
120.3 0.0080431
130.3 0.0070275
140.3 0.004248
150.3 0.0061629
192.8 0.007371
235.3 0.0051759
277.8 0.0076115
320.3 0.0063429
362.8 0.0061403
405.3 0.003431
447.8 0.0023394
490.3 0.0019586
532.8 0.00085365
575.3 0.0019958
617.8 0.0027493
660.3 0.0025887
702.8 0.0020888
745.3 0.0040423
787.8 0.0021876
830.3 0.0025874
872.8 0.0018425
915.3 0.00092821
957.8 0.0015327
1000.3 0.0019161
1100.3 0.0090815
1200.3 0.0017079
1300.3 0.0022956
1400.3 0.0025134
1500.3 0.0026011
1600.3 0.001432
1700.3 0.0034502
1800.3 0.0042096
1900.3 0.002859
2000.3 0.00038354
2100.3 0.001439
2200.3 0.00041757
2300.3 -0.00024279
2400.3 0.0028262
2500.3 0.0028292
2600.3 0.0031292
2700.3 0.0027725
2800.3 0.0019611
2900.3 0.0012938
3000.3 0.0005706
4.0015e+06 0.004788
8.0015e+06 0.0020707
1.2002e+07 0.0038354
1.6002e+07 0.0037216
2.0002e+07 0.00080522
2.4002e+07 0.0022687
2.8002e+07 0.0028149
3.2002e+07 0.0020042
3.6002e+07 0.0039803
4.0002e+07 0.0017542
4.4002e+07 0.0058299
4.8002e+07 0.0059861
5.2002e+07 0.0061689
5.6002e+07 0.0068569
6.0002e+07 0.0053581
6.4002e+07 0.0070304
6.8002e+07 0.008926
7.2002e+07 0.011929
7.6002e+07 0.0086057
8.0002e+07 0.0090566
8.4002e+07 0.011621
8.8002e+07 0.011074
9.2002e+07 0.008261
9.6002e+07 0.010645
1e+08 0.0118
1.04e+08 0.011384
1.08e+08 0.01318
1.12e+08 0.012971
1.16e+08 0.013434
1.2e+08 0.015615
1.24e+08 0.01607
1.28e+08 0.013787
1.32e+08 0.015816
1.36e+08 0.019093
1.4e+08 0.018726
1.44e+08 0.019973
1.48e+08 0.016737
1.52e+08 0.019288
1.56e+08 0.018514
1.6e+08 0.018331
1.64e+08 0.01937
1.68e+08 0.019213
1.72e+08 0.020174
1.76e+08 0.019086
1.8e+08 0.022514
1.84e+08 0.020549
1.88e+08 0.019691
1.92e+08 0.022278
1.96e+08 0.02295
2e+08 0.023368
2.04e+08 0.022914
2.08e+08 0.024713
2.12e+08 0.022341
2.16e+08 0.024736
2.2e+08 0.02409
2.24e+08 0.025425
2.28e+08 0.024759
2.32e+08 0.026024
2.36e+08 0.023792
2.4e+08 0.022923
2.44e+08 0.025639
2.48e+08 0.02626
2.52e+08 0.026163
2.56e+08 0.022891
2.6e+08 0.025699
2.64e+08 0.025566
2.68e+08 0.026739
2.72e+08 0.022726
2.76e+08 0.025898
2.8e+08 0.027748
2.84e+08 0.025086
2.88e+08 0.025282
2.92e+08 0.028121
2.96e+08 0.025652
3e+08 0.029403
3.04e+08 0.025345
3.08e+08 0.029258
3.12e+08 0.028118
3.16e+08 0.026994
3.2e+08 0.026213
3.24e+08 0.025678
3.28e+08 0.025764
