0 6.209e-05 0.00055959
0.025 -4.2842e-05 0.00055714
0.05 -0.00014775 0.00055481
0.075 -0.00017355 0.00055514
0.1 -0.00013846 0.00055808
0.125 -0.00011793 0.00055412
0.15 -0.00016591 0.00055426
0.175 -9.4508e-05 0.00055346
0.2 3.1981e-05 0.00055609
0.225 0.00013288 0.00056608
0.25 4.7713e-05 0.00056143
0.275 0.00012226 0.00056598
0.3 9.0798e-05 0.00056391
0.325 0.00013185 0.0005607
0.35 -4.4259e-06 0.00055996
0.375 -0.00011249 0.00055631
0.4 -7.0593e-05 0.00055977
0.425 -8.1094e-06 0.00056433
0.45 1.02e-05 0.00056595
0.475 0.00011296 0.00057556
0.5 9.7082e-05 0.00056671
0.525 1.1126e-05 0.00057252
0.55 5.0561e-05 0.00056846
0.575 4.7234e-05 0.00056919
0.6 -2.3374e-05 0.00056631
0.625 0.00014731 0.00056378
0.65 0.000107 0.00056965
0.675 2.5121e-05 0.00056666
0.7 0.00023302 0.00056845
0.725 0.00016811 0.00057307
0.75 0.0003202 0.00057082
0.775 0.00029589 0.00057244
0.8 0.00041257 0.0005747
0.825 0.00045545 0.00058161
0.85 0.000547 0.0005842
0.875 0.00066414 0.00058235
0.9 0.00081244 0.00058906
0.925 0.00094931 0.00059195
0.95 0.00096801 0.00059102
0.975 0.0009846 0.00059938
1 0.0011172 0.00059759
1.025 0.0011949 0.00060074
1.05 0.0013003 0.00060864
1.075 0.0014605 0.00060971
1.1 0.0014346 0.00061384
1.125 0.0016622 0.00060664
1.15 0.0018283 0.00061814
1.175 0.0017445 0.00061912
1.2 0.0021509 0.00063014
1.225 0.0021356 0.00063419
1.25 0.0022461 0.00064072
1.275 0.0021354 0.00064137
1.3 0.0022998 0.00064999
1.325 0.0024385 0.00065205
1.35 0.0025683 0.00065629
1.375 0.0026658 0.00065992
1.4 0.002593 0.00066673
1.425 0.0025019 0.00067119
1.45 0.0027296 0.00066942
1.475 0.0026896 0.00066756
1.5 0.0027444 0.00067235
1.525 0.002846 0.00067674
1.55 0.0029447 0.00067872
1.575 0.0028279 0.00068172
1.6 0.0030388 0.00068461
1.625 0.0029358 0.00068633
1.65 0.0029854 0.00069064
1.675 0.003097 0.00069413
1.7 0.003131 0.00069489
1.725 0.0032244 0.00070021
1.75 0.0033147 0.00070211
1.775 0.0034731 0.00069995
1.8 0.0033833 0.00070185
1.825 0.0034305 0.00070349
1.85 0.0035316 0.00070406
1.875 0.0035196 0.00070378
1.9 0.0035502 0.0007102
1.925 0.0034625 0.00070778
1.95 0.0033095 0.00070725
1.975 0.0033688 0.00070779
2 0.0035322 0.00070485
2.1 0.0035819 0.00071355
2.2 0.0035941 0.00072127
2.3 0.0039131 0.00071416
2.4 0.0037576 0.00071821
2.5 0.0038428 0.00071876
2.6 0.0040011 0.00072976
2.7 0.0038977 0.00071916
2.8 0.0038603 0.00072036
2.9 0.0040433 0.00073095
3 0.0039309 0.00072321
3.25 0.0042396 0.00073116
3.5 0.0042904 0.00073581
3.75 0.0042959 0.00074143
4 0.0042297 0.00074861
4.5 0.004407 0.00074652
5 0.0046255 0.0007609
6 0.0044426 0.0007692
7 0.0045348 0.00076849
8 0.0045071 0.00077816
9.5 0.0045202 0.00076899
11 0.0043261 0.00077242
12.5 0.0046085 0.00077704
14 0.004549 0.00077103
16 0.0042998 0.00076384
18 0.0042895 0.00076872
20 0.004213 0.00077589
22 0.0040328 0.00077276
