0 0.036479 0.016383
0.025 0.0225 0.016212
0.05 0.0018693 0.016161
0.075 -0.017564 0.015932
0.1 -0.035759 0.016145
0.125 -0.027921 0.015919
0.15 -0.017428 0.016175
0.175 -0.0064108 0.016092
0.2 0.047175 0.01568
0.225 0.010968 0.01601
0.25 -0.0096789 0.016158
0.275 0.0025841 0.016538
0.3 0.0080207 0.016244
0.325 -0.0075068 0.016226
0.35 -0.025908 0.016122
0.375 -0.039042 0.016223
0.4 -0.03348 0.016263
0.425 -0.018717 0.01624
0.45 0.002364 0.016236
0.475 0.025236 0.01674
0.5 0.010555 0.016553
0.525 0.0069892 0.016666
0.55 0.012726 0.016398
0.575 0.023095 0.016596
0.6 0.0016779 0.016664
0.625 0.025864 0.016134
0.65 0.024767 0.016591
0.675 0.021067 0.01645
0.7 0.049807 0.016727
0.725 0.064956 0.016591
0.75 0.061118 0.01662
0.775 0.071437 0.016147
0.8 0.11 0.016611
0.825 0.12418 0.016631
0.85 0.14482 0.016746
0.875 0.1362 0.016426
0.9 0.16071 0.016865
0.925 0.17713 0.016528
0.95 0.21045 0.017082
0.975 0.22332 0.01681
1 0.23734 0.016913
1.025 0.25846 0.016868
1.05 0.28399 0.017394
1.075 0.30367 0.017255
1.1 0.2936 0.017218
1.125 0.34487 0.016991
1.15 0.37493 0.017535
1.175 0.41555 0.016843
1.2 0.44645 0.017882
1.225 0.46304 0.018102
1.25 0.48359 0.018269
1.275 0.48688 0.018282
1.3 0.51778 0.017807
1.325 0.54459 0.01845
1.35 0.52763 0.018007
1.375 0.54026 0.018405
1.4 0.53029 0.018512
1.425 0.53836 0.019428
1.45 0.55125 0.018772
1.475 0.54197 0.019296
1.5 0.57567 0.018833
1.525 0.57482 0.019421
1.55 0.60559 0.019299
1.575 0.60313 0.019716
1.6 0.62612 0.019282
1.625 0.62888 0.019246
1.65 0.62951 0.019328
1.675 0.65114 0.019671
1.7 0.67079 0.019538
1.725 0.69888 0.019903
1.75 0.71728 0.019597
1.775 0.7842 0.019893
1.8 0.77181 0.018928
1.825 0.77977 0.019831
1.85 0.79282 0.019257
1.875 0.77485 0.019674
1.9 0.7699 0.019692
1.925 0.76372 0.019494
1.95 0.74141 0.019536
1.975 0.74571 0.019901
2 0.75533 0.0196
2.1 0.76918 0.020066
2.2 0.79223 0.020259
2.3 0.83576 0.019736
2.4 0.81851 0.019632
2.5 0.83841 0.019869
2.6 0.87393 0.020311
2.7 0.85985 0.019811
2.8 0.87489 0.020389
2.9 0.90804 0.019835
3 0.89648 0.020348
3.25 0.92582 0.019833
3.5 0.93212 0.019964
3.75 0.93603 0.020812
4 0.9554 0.020997
4.5 0.96528 0.020036
5 1.0015 0.021087
6 1.001 0.021723
7 1.006 0.021401
8 0.99546 0.021998
9.5 1.0077 0.021907
11 0.9882 0.021665
12.5 1.0053 0.021601
14 0.98381 0.021726
16 0.93132 0.021122
18 0.90672 0.022307
20 0.88392 0.021879
22 0.86829 0.02235