0.723780300173793 858.494623655919
2.4166460801012377 858.494623655919
3.867673891467625 858.494623655919
5.801510837201445 1287.7419354838785
6.525724538752584 1931.6129032258177
7.975885547364271 2360.860215053748
9.425613154598608 3004.7311827957164
10.391664824710816 3648.6021505376266
11.840525629190452 4721.720430107525
13.048848669241075 5150.967741935485
14.014900339353282 5794.838709677424
14.98095200946549 6438.709677419363
15.946570278200348 7297.204301075282
17.63726905124105 8370.322580645152
19.086563257098028 9228.81720430107
19.809910155894478 10301.93548387097
21.017799794567743 10945.806451612909
21.49930872480313 12018.924731182808
23.189140695089137 13521.290322580666
24.39659693238505 14379.784946236556
25.12037723255885 15238.279569892475
26.327400068477417 16311.397849462373
27.533989503018645 17599.139784946252
28.982416906120932 18886.88172043013
30.671815475029582 20603.87096774194
32.603485413876655 22106.236559139797
33.81050824979523 23179.354838709667
34.774392913020684 24896.344086021505
35.49773981181713 25969.462365591404
36.94616721491941 27257.204301075253
38.152756649460635 28544.94623655913
39.11707471406345 30047.31182795699
40.32236394447262 31978.924731182808
41.52808657625915 33695.91397849462
42.97651397936143 34983.655913978495
44.181803209770614 36915.26881720431
45.145687872996064 38632.25806451612
46.35227730753729 39920
48.04210927782329 41422.36559139786
48.76458937386504 42924.7311827957
49.72890743846785 44427.096774193546
50.69365890444801 45714.838709677424
52.14165290617294 47217.20430107528
52.622728435030986 48504.94623655913
53.827584264062786 50651.18279569893
54.79146892728826 52368.17204301077
55.756653794645764 53441.29032258065
56.72097185924857 54943.655913978495
57.2020473881066 56231.39784946237
57.92409408277101 57948.3870967742
58.64570737605805 59880
59.12678290491608 61167.741935483864
59.849263000957826 62670.10752688172
60.81358106556063 64172.47311827958
61.29465659441866 65460.215053763444
61.774431919144654 67391.82795698925
62.4969120151864 68894.1935483871
63.218525308473424 70825.80645161291
63.698734034576766 72542.79569892473
64.17807595792542 74689.03225806452
64.8992558498351 76835.26881720431
65.62086914312215 78766.8817204301
66.10151127060283 80269.24731182796
66.5812865953288 82200.86021505378
67.54517125855429 83917.84946236559
68.50862252040238 85849.4623655914
69.47164038087314 87995.69892473119
70.43509164272126 89927.31182795699
71.64038087313043 91858.9247311828
72.84610350491695 93575.91397849463
74.29409750664189 95078.27956989249
75.9839294769279 96580.64516129032
76.94694733739865 98726.88172043012
79.11742143516534 101731.61290322582
81.28876233568673 104307.09677419355
82.73675633741166 105809.4623655914
84.42572150494294 107741.0752688172
86.83846697264804 110531.18279569893
89.25294604586256 112462.79569892475
92.63391019056658 114823.6559139785
94.80655129522003 116755.26881720431
96.97962580125079 118472.25806451614
99.63637624440372 120189.24731182796
101.80988415181184 121691.61290322582
104.46663459496477 123408.60215053764
106.64057590375023 124696.3440860215
108.81538401529042 125554.83870967742
110.02327365396371 126198.70967741936
111.9562437969428 127057.20430107528
114.13148530986032 127701.0752688172
116.54769798858422 128774.19354838709
119.44758660443026 129847.31182795699
122.83071775602104 131135.05376344087
126.21471571036656 131993.5483870968
129.35644229477361 133066.66666666666
132.49860228055806 133925.16129032258
135.15665292784303 134998.27956989247
139.2665981892491 135642.1505376344
144.58486649070574 136715.2688172043
148.45254038217337 137573.7634408602
153.77210888776204 138003.01075268816
158.12432551910652 138432.25806451612
162.23557098464462 138432.25806451612
167.0723303558659 138432.25806451612
170.69989988428188 138432.25806451612
174.81071194844262 138646.8817204301
178.1964435082975 138646.8817204301
182.54952694239665 138646.8817204301
186.66033900655742 138861.50537634408
189.80423259785124 138861.50537634408
193.1895307563288 139076.12903225806
195.84931500912316 139290.75268817204
198.50953266329486 139290.75268817204
